Q2;x;F2@nlo(fortran);F2@nlo(cpp);F2@nnlo(fortran);F2@nnlo(cpp,apr1);F2@nnlo(cpp,apr2);F2@nnlo(cpp,ex)
2.0000000e+00;1.0000000e-05;9.7786744e-01;9.7787050e-01;9.6490459e-01;9.6491445e-01;9.6484110e-01;9.6484357e-01
2.0000000e+00;3.5898027e-05;8.3110949e-01;8.3111094e-01;8.0105656e-01;8.0105978e-01;8.0101552e-01;8.0101632e-01
2.0000000e+00;1.2886683e-04;7.0741125e-01;7.0741341e-01;6.5594873e-01;6.5594843e-01;6.5593733e-01;6.5593685e-01
2.0000000e+00;4.6260650e-04;5.9582655e-01;5.9582629e-01;5.2770564e-01;5.2770667e-01;5.2772743e-01;5.2772659e-01
2.0000000e+00;1.6606661e-03;4.9657748e-01;4.9657348e-01;4.2722099e-01;4.2722390e-01;4.2726444e-01;4.2726362e-01
2.0000000e+00;5.9614635e-03;4.1721265e-01;4.1721832e-01;3.6711565e-01;3.6712549e-01;3.6715800e-01;3.6715774e-01
2.0000000e+00;2.1400477e-02;3.7246290e-01;3.7245925e-01;3.5104758e-01;3.5105614e-01;3.5105378e-01;3.5105456e-01
2.0000000e+00;7.6823491e-02;3.7392826e-01;3.7392644e-01;3.6641677e-01;3.6641325e-01;3.6640059e-01;3.6640080e-01
2.0000000e+00;2.7578117e-01;3.4512902e-01;3.4510966e-01;3.3260760e-01;3.3262352e-01;3.3262222e-01;3.3262262e-01
2.0000000e+00;9.9000000e-01;2.1199849e-06;2.0985308e-06;5.3490629e-06;5.2157741e-06;5.2157529e-06;5.2157032e-06
8.5950595e+00;1.0000000e-05;1.8938709e+00;1.8938738e+00;1.7780347e+00;1.7780428e+00;1.7780947e+00;1.7780953e+00
8.5950595e+00;3.5898027e-05;1.5109320e+00;1.5109356e+00;1.4063367e+00;1.4063415e+00;1.4063945e+00;1.4063941e+00
8.5950595e+00;1.2886683e-04;1.1961680e+00;1.1961699e+00;1.1046338e+00;1.1046344e+00;1.1046860e+00;1.1046852e+00
8.5950595e+00;4.6260650e-04;9.3274521e-01;9.3274568e-01;8.5808453e-01;8.5808586e-01;8.5813200e-01;8.5813140e-01
8.5950595e+00;1.6606661e-03;7.1661862e-01;7.1661785e-01;6.6338481e-01;6.6338591e-01;6.6342027e-01;6.6342034e-01
8.5950595e+00;5.9614635e-03;5.5181962e-01;5.5182032e-01;5.2203676e-01;5.2203928e-01;5.2205316e-01;5.2205322e-01
8.5950595e+00;2.1400477e-02;4.4719716e-01;4.4719825e-01;4.3590153e-01;4.3590551e-01;4.3589905e-01;4.3589939e-01
8.5950595e+00;7.6823491e-02;3.9928777e-01;3.9928374e-01;3.9484787e-01;3.9484293e-01;3.9483702e-01;3.9483709e-01
8.5950595e+00;2.7578117e-01;3.0480836e-01;3.0478904e-01;3.0003398e-01;3.0004028e-01;3.0004028e-01;3.0004039e-01
8.5950595e+00;9.9000000e-01;5.1865516e-07;5.1334885e-07;1.0368422e-06;1.0126065e-06;1.0126030e-06;1.0125952e-06
3.6937523e+01;1.0000000e-05;3.0640417e+00;3.0640448e+00;2.8971800e+00;2.8971883e+00;2.8972983e+00;2.8972980e+00
3.6937523e+01;3.5898027e-05;2.3240580e+00;2.3240642e+00;2.1952592e+00;2.1952668e+00;2.1953509e+00;2.1953502e+00
3.6937523e+01;1.2886683e-04;1.7421203e+00;1.7421221e+00;1.6467019e+00;1.6467027e+00;1.6467646e+00;1.6467639e+00
3.6937523e+01;4.6260650e-04;1.2833792e+00;1.2833797e+00;1.2174705e+00;1.2174724e+00;1.2175145e+00;1.2175141e+00
3.6937523e+01;1.6606661e-03;9.2881741e-01;9.2881690e-01;8.8856116e-01;8.8856235e-01;8.8858561e-01;8.8858546e-01
3.6937523e+01;5.9614635e-03;6.6955195e-01;6.6955126e-01;6.4971883e-01;6.4971869e-01;6.4972434e-01;6.4972442e-01
3.6937523e+01;2.1400477e-02;5.0227133e-01;5.0227514e-01;4.9516012e-01;4.9516351e-01;4.9515771e-01;4.9515788e-01
3.6937523e+01;7.6823491e-02;4.0986102e-01;4.0985700e-01;4.0698622e-01;4.0698144e-01;4.0697823e-01;4.0697826e-01
3.6937523e+01;2.7578117e-01;2.7432606e-01;2.7430742e-01;2.7201483e-01;2.7201367e-01;2.7201387e-01;2.7201390e-01
3.6937523e+01;9.9000000e-01;1.9281770e-07;1.9085755e-07;3.3313608e-07;3.2587705e-07;3.2587606e-07;3.2587400e-07
1.5874011e+02;1.0000000e-05;4.4484929e+00;4.4484878e+00;4.2604054e+00;4.2604052e+00;4.2605372e+00;4.2605366e+00
1.5874011e+02;3.5898027e-05;3.2414576e+00;3.2414662e+00;3.1084834e+00;3.1084949e+00;3.1085854e+00;3.1085846e+00
1.5874011e+02;1.2886683e-04;2.3274222e+00;2.3274245e+00;2.2377431e+00;2.2377448e+00;2.2378034e+00;2.2378028e+00
1.5874011e+02;4.6260650e-04;1.6386434e+00;1.6386452e+00;1.5824312e+00;1.5824347e+00;1.5824690e+00;1.5824688e+00
1.5874011e+02;1.6606661e-03;1.1300111e+00;1.1300108e+00;1.0987808e+00;1.0987823e+00;1.0987982e+00;1.0987981e+00
1.5874011e+02;5.9614635e-03;7.7180515e-01;7.7180350e-01;7.5760763e-01;7.5760570e-01;7.5760761e-01;7.5760768e-01
1.5874011e+02;2.1400477e-02;5.4380360e-01;5.4380814e-01;5.3888780e-01;5.3889177e-01;5.3888708e-01;5.3888717e-01
1.5874011e+02;7.6823491e-02;4.1371748e-01;4.1371370e-01;4.1172771e-01;4.1172327e-01;4.1172134e-01;4.1172136e-01
1.5874011e+02;2.7578117e-01;2.5059633e-01;2.5057899e-01;2.4931961e-01;2.4931455e-01;2.4931475e-01;2.4931476e-01
